SAMPLE	RAW_READS	TRIMMED_READS	TOTAL_MAPPINGS	DUPLICATES_DETECTED	MAPPINGS_POST_FILTERING	POP
CL_1 	 61756328 	 60515962	58638967	3678309	42779510	CL
CL_2 	 99774458 	 97882558	94839920	5785436	69565701	CL
CL_3 	 96409828 	 92943592	89955536	5728720	64336032	CL
CL_4 	 57385744 	 56122644	54376130	3384483	39568166	CL
CL_5 	 51825176 	 49808752	48188040	2849220	34477409	CL
CL_6 	 66656598 	 64735606	62427500	3773383	45608980	CL
CLP_1 	 59304898 	 57214842	55227242	3427383	40531929	CLP
CLP_2 	 70623926 	 68392668	65942791	4459706	48158612	CLP
CLP_3 	 98389272 	 94723928	91658037	5644819	65954366	CLP
CLP_4 	 69924272 	 67476732	65189185	4573182	46891439	CLP
CLP_5 	 84034792 	 81291734	78410746	5500463	57109934	CLP
CLP_6 	 97689796 	 93990226	90836203	6891883	65385413	CLP
CS_1 	 76082270 	 73729270	71169316	4784194	51922862	CS
CS_2 	 72128202 	 69666346	67261377	4260850	49558329	CS
CS_3 	 68535568 	 66784598	64869270	4143160	48776174	CS
CS_5 	 75917232 	 74059434	71760922	4403643	52503142	CS
CS_6 	 64004962 	 61921988	59831080	4224183	43734808	CS
CS_7 	 69777108 	 68030738	65877071	4122388	48391958	CS
DEBY_1 	 70340066 	 68129214	65984679	4204859	48013858	DEBY
DEBY_2 	 61820396 	 59393626	57501832	3569039	41033127	DEBY
DEBY_3 	 90050284 	 88202564	85646456	5163796	62737184	DEBY
DEBY_4 	 54919768 	 52712608	51030035	3250463	37069517	DEBY
DEBY_5 	 66912230 	 65379052	63242334	4157130	46365584	DEBY
DEBY_6 	 69395392 	 67069200	64901712	4409876	46839037	DEBY
HC_1 	 77293636 	 74906388	72425035	5835437	52186665	HC
HC_3 	 63112478 	 61557868	59524843	4346896	43322163	HC
HC_4 	 79754444 	 77660564	75074963	5501949	54611969	HC
HC_5 	 90033632 	 87108604	84111972	5616048	61600005	HC
HC_6 	 56048260 	 54559620	52342661	3436210	38373096	HC
HC_7 	 154599222 	 148626848	143848308	8804482	103414438	HC
HC_VA_1 	 85940448 	 82636266	79780756	5891673	57681262	HC-VA
HC_VA_2 	 82902150 	 79755572	77204226	5527680	55580071	HC-VA
HC_VA_3 	 63890928 	 61749506	59643898	3294694	44391895	HC-VA
HC_VA_4 	 69606580 	 67810232	65615532	3866507	48549698	HC-VA
HC_VA_5 	 79755810 	 77137600	74474190	5370365	54248567	HC-VA
HC_VA_6 	 85495276 	 82438178	79705400	6118503	57718329	HC-VA
HG_HG0F2 	 81488634 	 79609440	78557006	4643260	65052524	HG
HG_HG2F1 	 107490278 	 104562398	102891704	7466672	78838999	HG
HG_HG2M5 	 65635204 	 64848234	64299271	4276150	49711444	HG
HI_1 	 78587340 	 76634458	74051860	5107038	54685883	HI
HI_2 	 118354864 	 114591096	110920625	8030373	81152249	HI
HI_3 	 84232622 	 81870440	79113148	5748565	57429647	HI
HI_4 	 77417784 	 75521270	73141247	5281685	53400559	HI
HI_5 	 104038488 	 101912426	98927966	6886611	73404346	HI
HI_6 	 78733988 	 76799260	74276699	5147995	54206331	HI
LM_1_pool 	 66969314 	 64216034	61769102	4561219	41620194	LM
LM_3 	 92486240 	 88551324	84623488	5074628	58897350	LM
LM_4 	 172376322 	 166674276	159956314	9420105	111641861	LM
LM_7 	 75118986 	 72981782	70198561	4065303	50087656	LM
LM_8 	 66373270 	 64272486	61604541	3484785	43154467	LM
LOLA_1 	 92988582 	 90136906	86935582	5759948	63012286	LOLA
LOLA_2 	 67427816 	 65354868	63047433	3849653	46353891	LOLA
LOLA_3 	 70995646 	 68916992	66510965	4070465	48922303	LOLA
LOLA_4 	 81746434 	 78906376	76174709	5454965	54236799	LOLA
LOLA_5 	 68704786 	 66973404	64653570	4445880	46785631	LOLA
LOLA_6 	 77903354 	 75647386	73198687	4979400	52565163	LOLA
NEH_1 	 62806886 	 61154804	59252416	3971608	44112015	NEH
NEH_2 	 73087636 	 71245062	69207906	4771209	51989894	NEH
NEH_3 	 103930046 	 101703694	99125055	7295972	73002332	NEH
NEH_4 	 116701620 	 112592462	109362296	7223266	80135399	NEH
NEH_5 	 64394368 	 62707068	61129630	4349320	45033834	NEH
NEH_6 	 74547538 	 72648536	70714452	5006221	51309059	NEH
NG_NH0H4 	 70988650 	 69279808	67299078	4214975	50693549	NG
NG_NH2F6 	 64297714 	 62713746	61018545	4418426	45139472	NG
NG_NH2F8 	 67198670 	 65281042	63378230	4452766	46583461	NG
NG_NH2M1 	 79668514 	 77463988	75181995	5423725	55065837	NG
OBOYS2_1 	 65043442 	 63682580	61624990	3846448	45074106	OBOYS
OBOYS2_2 	 70055162 	 68520216	66194378	4446615	48035537	OBOYS
OBOYS2_3 	 82925952 	 79746152	77181900	4533366	55447440	OBOYS
OBOYS2_4 	 56605592 	 54813194	52683361	3429467	37926799	OBOYS
OBOYS2_5 	 71635564 	 70124370	67818633	4475680	49208853	OBOYS
OBOYS2_6 	 107126892 	 104962500	101646882	6572431	74053208	OBOYS
SL_1 	 89147578 	 86978844	83523180	5065708	61078007	SL
SL_2 	 59238048 	 57637436	55584184	3426593	40568507	SL
SL_3 	 93694418 	 91917534	88796974	5843833	64699574	SL
SL_4 	 61696302 	 60440650	58460518	3522935	42836220	SL
SL_5 	 99844072 	 97535802	94365829	6174554	68891226	SL
SL_6 	 76386656 	 74247366	71756216	4338350	52284751	SL
SM_10 	 83663278 	 81453140	78799232	5721628	57257531	SM
SM_11 	 63381898 	 61514580	57785915	3795790	41969957	SM
SM_12 	 71593066 	 69750482	67385513	4770414	49074758	SM
SM_7 	 95076544 	 93039658	90035576	7358208	64816528	SM
SM_8 	 71562510 	 69681052	67407309	4892705	49016663	SM
SM_9 	 71256028 	 69432742	67144886	4394338	49081725	SM
UMFS_1 	 64143576 	 62429272	60777720	4095873	43909923	UMFS
UMFS_2 	 76203502 	 74877078	72822380	5144437	53057441	UMFS
UMFS_3 	 99560248 	 97380516	94283095	6361244	69210032	UMFS
UMFS_4 	 94236090 	 91852914	88970604	6190590	64826142	UMFS
UMFS_5 	 71144408 	 68855926	66650390	4162606	48791995	UMFS
UMFS_6 	 72412090 	 70347494	67922828	4481380	49830314	UMFS
