SAMPLE	RAW_READS	TRIMMED_READS	TOTAL_MAPPINGS	DUPLICATES_DETECTED	MAPPINGS_POST_FILTERING	POP
CL_1 	 61756328 	 60515962	58792994	3610775	41417721	CL
CL_2 	 99774458 	 97882558	95094136	5674605	67388718	CL
CL_3 	 96409828 	 92943592	90181900	5599577	62143042	CL
CL_4 	 57385744 	 56122644	54522577	3320852	38244358	CL
CL_5 	 51825176 	 49808752	48314973	2791733	33320632	CL
CL_6 	 66656598 	 64735606	62609727	3702975	44146068	CL
CLP_1 	 59304898 	 57214842	55388084	3371633	39433861	CLP
CLP_2 	 70623926 	 68392668	66130606	4388533	46883686	CLP
CLP_3 	 98389272 	 94723928	91898433	5527982	64118169	CLP
CLP_4 	 69924272 	 67476732	65370779	4476255	45558283	CLP
CLP_5 	 84034792 	 81291734	78650383	5411942	55597354	CLP
CLP_6 	 97689796 	 93990226	91102894	6766237	63595134	CLP
CS_1 	 76082270 	 73729270	71383322	4699062	50494450	CS
CS_2 	 72128202 	 69666346	67474877	4188203	48226389	CS
CS_3 	 68535568 	 66784598	65047586	4075430	47583908	CS
CS_5 	 75917232 	 74059434	71952425	4315009	51008408	CS
CS_6 	 64004962 	 61921988	60006329	4158286	42557317	CS
CS_7 	 69777108 	 68030738	66063487	4053809	47037945	CS
DEBY_1 	 70340066 	 68129214	66164945	4122462	46680477	DEBY
DEBY_2 	 61820396 	 59393626	57645855	3488757	39723953	DEBY
DEBY_3 	 90050284 	 88202564	85852948	5060844	60888813	DEBY
DEBY_4 	 54919768 	 52712608	51166462	3190492	35998396	DEBY
DEBY_5 	 66912230 	 65379052	63419266	4087871	45066905	DEBY
DEBY_6 	 69395392 	 67069200	65076101	4327613	45517708	DEBY
HC_1 	 77293636 	 74906388	72629897	5739699	50785966	HC
HC_3 	 63112478 	 61557868	59697110	4280145	42155592	HC
HC_4 	 79754444 	 77660564	75281513	5417016	53141136	HC
HC_5 	 90033632 	 87108604	84359499	5513394	59972504	HC
HC_6 	 56048260 	 54559620	52494916	3382841	37334935	HC
HC_7 	 154599222 	 148626848	144224018	8543578	100379268	HC
HC_VA_1 	 85940448 	 82636266	80020832	5782645	56110025	HC-VA
HC_VA_2 	 82902150 	 79755572	77424184	5419862	54056327	HC-VA
HC_VA_3 	 63890928 	 61749506	59825571	3234312	43190499	HC-VA
HC_VA_4 	 69606580 	 67810232	65798257	3800871	47198225	HC-VA
HC_VA_5 	 79755810 	 77137600	74697466	5278626	52802055	HC-VA
HC_VA_6 	 85495276 	 82438178	79931281	6015385	56165305	HC-VA
HG_HG0F2 	 81488634 	 79609440	78736248	4611315	64650437	HG
HG_HG2F1 	 107490278 	 104562398	103124360	7327313	78504587	HG
HG_HG2M5 	 65635204 	 64848234	64374580	4177329	48847629	HG
HI_1 	 78587340 	 76634458	74261901	5028043	53294696	HI
HI_2 	 118354864 	 114591096	111234084	7884228	79161418	HI
HI_3 	 84232622 	 81870440	79351366	5646539	55889409	HI
HI_4 	 77417784 	 75521270	73355963	5197788	51967585	HI
HI_5 	 104038488 	 101912426	99199192	6778858	71632775	HI
HI_6 	 78733988 	 76799260	74487694	5059072	52708938	HI
LM_1_pool 	 66969314 	 64216034	61945674	4447766	40046145	LM
LM_3 	 92486240 	 88551324	84914650	4959058	56800294	LM
LM_4 	 172376322 	 166674276	160434045	9156388	107615488	LM
LM_7 	 75118986 	 72981782	70417228	3981776	48400022	LM
LM_8 	 66373270 	 64272486	61812572	3411318	41622951	LM
LOLA_1 	 92988582 	 90136906	87165449	5649931	61104961	LOLA
LOLA_2 	 67427816 	 65354868	63224125	3782013	44966092	LOLA
LOLA_3 	 70995646 	 68916992	66700322	4000451	47445730	LOLA
LOLA_4 	 81746434 	 78906376	76384280	5344988	52618845	LOLA
LOLA_5 	 68704786 	 66973404	64829436	4366570	45353384	LOLA
LOLA_6 	 77903354 	 75647386	73387480	4885298	50951248	LOLA
NEH_1 	 62806886 	 61154804	59405816	3909288	42992110	NEH
NEH_2 	 73087636 	 71245062	69393229	4700616	50783839	NEH
NEH_3 	 103930046 	 101703694	99361278	7168900	71127295	NEH
NEH_4 	 116701620 	 112592462	109629772	7087686	78065309	NEH
NEH_5 	 64394368 	 62707068	61269552	4272742	43835463	NEH
NEH_6 	 74547538 	 72648536	70882423	4915119	49913115	NEH
NG_NH0H4 	 70988650 	 69279808	67484057	4151741	49481592	NG
NG_NH2F6 	 64297714 	 62713746	61180405	4350881	44029108	NG
NG_NH2F8 	 67198670 	 65281042	63556844	4382631	45463335	NG
NG_NH2M1 	 79668514 	 77463988	75388350	5333799	53744777	NG
OBOYS2_1 	 65043442 	 63682580	61793637	3778954	43686408	OBOYS
OBOYS2_2 	 70055162 	 68520216	66384164	4368918	46560160	OBOYS
OBOYS2_3 	 82925952 	 79746152	77382928	4433726	53631719	OBOYS
OBOYS2_4 	 56605592 	 54813194	52830134	3367466	36716936	OBOYS
OBOYS2_5 	 71635564 	 70124370	68006676	4395533	47682026	OBOYS
OBOYS2_6 	 107126892 	 104962500	101917756	6444063	71747597	OBOYS
SL_1 	 89147578 	 86978844	83758253	4964751	59236119	SL
SL_2 	 59238048 	 57637436	55743266	3367617	39321066	SL
SL_3 	 93694418 	 91917534	89046054	5736281	62756520	SL
SL_4 	 61696302 	 60440650	58619664	3458060	41497645	SL
SL_5 	 99844072 	 97535802	94635842	6059350	66839731	SL
SL_6 	 76386656 	 74247366	71954115	4250919	50686062	SL
SM_10 	 83663278 	 81453140	79013818	5625996	55694728	SM
SM_11 	 63381898 	 61514580	57961692	3731820	40784674	SM
SM_12 	 71593066 	 69750482	67582251	4694585	47754405	SM
SM_7 	 95076544 	 93039658	90280377	7242642	63082190	SM
SM_8 	 71562510 	 69681052	67597002	4804618	47633629	SM
SM_9 	 71256028 	 69432742	67335706	4318734	47704245	SM
UMFS_1 	 64143576 	 62429272	60922190	4007567	42646132	UMFS
UMFS_2 	 76203502 	 74877078	73014343	5046314	51562047	UMFS
UMFS_3 	 99560248 	 97380516	94546796	6248119	67368457	UMFS
UMFS_4 	 94236090 	 91852914	89222947	6070836	62995616	UMFS
UMFS_5 	 71144408 	 68855926	66834913	4074048	47415877	UMFS
UMFS_6 	 72412090 	 70347494	68131172	4404356	48508718	UMFS
